Training time (seconds): 124.36846566200256
Accuracy: 0.7298969072164948
Macro-F1: 0.6623295158193784
Weighted-F1: 0.721162208362264
Model size (MB): 4.525051116943359