Training time (seconds): 103.3040382862091
Accuracy: 0.7268041237113402
Macro-F1: 0.6636537929303447
Weighted-F1: 0.7218323429539675
Model size (MB): 4.099285125732422